Webots Project File version R2021b
perspectives: 000000ff00000000fd000000030000000000000292000003f8fc0100000001fb0000001e00480074006d006c0052006f0062006f007400570069006e0064006f00770000000000000002920000000000000000000000010000024400000410fc0200000001fb0000001400540065007800740045006400690074006f00720100000000000004100000008b00ffffff00000003000006bb000000e9fc0100000001fb0000001a0043006f006e0073006f006c00650041006c006c0041006c006c0100000000000006bb0000000000000000000004750000041000000001000000020000000100000008fc00000000
simulationViewPerspectives: 000000ff00000001000000020000016c000002af0100000002010000000100
sceneTreePerspectives: 000000ff0000000100000002000000c0000000fa0100000002010000000200
minimizedPerspectives: 000000ff00000000fd000000030000000000000292000003f8fc0100000001fb0000001e00480074006d006c0052006f0062006f007400570069006e0064006f00770000000000000002920000000000000000000000010000024400000325fc0200000001fb0000001400540065007800740045006400690074006f00720100000000000003250000008b00ffffff00000003000006bb000000e9fc0100000001fb0000001a0043006f006e0073006f006c00650041006c006c0041006c006c0100000000000006bb0000008700ffffff000004750000032500000001000000020000000100000008fc00000000
maximizedDockId: -1
centralWidgetVisible: 1
orthographicViewHeight: 1
textFiles: 0 "controllers/final_controller/final_controller.py"
globalOptionalRendering: CoordinateSystem::LidarPointClouds::DistanceSensorRays::LidarRaysPaths
renderingDevicePerspectives: SBU_BOT:camera_camera_sensor;0;0.278431;0;0
renderingDevicePerspectives: SBU_BOT:display;0;0.128;0;0.0512017
